20
18 10
0 1 2 24 21 47 27 46 44 19 17 11 18 0 5 30 1 41
18 9
22 24 19 13 46 10 5 30 47 10 42 45 25 3 14 19 14 44
19 5
45 5 36 22 10 41 40 36 37 21 9 5 18 26 32 46 46 47 9
20 1
0 0 0 0 0 0 0 0 0 0 0 0 0 0 0 0 0 0 0 0
18 10
24 45 1 4 10 30 50 37 23 49 8 6 31 15 13 31 36 44
19 12
3 29 25 5 48 36 3 15 1 10 5 31 9 36 40 9 2 19 32
20 1
1 1 1 1 1 1 1 1 1 1 1 1 1 1 1 1 1 1 1 1
4 2
0 0 1 2
20 14
13 13 19 13 50 14 22 12 40 40 1 22 18 29 49 29 26 6 3 2
19 3
3 22 50 41 34 10 33 49 43 35 17 23 10 27 30 23 6 17 7
18 17
9 27 48 38 12 10 4 39 17 19 22 4 1 24 22 20 19 18
20 1
0 0 0 0 0 0 0 0 0 0 0 0 0 0 0 0 0 0 0 2
19 4
3 22 50 29 18 42 36 32 3 44 32 44 19 42 7 50 12 19 36
20 1
50 50 50 50 50 50 50 50 50 50 50 50 50 50 50 50 50 50 50 50
10 11
1 2 3 4 5 6 7 8 9 10
19 20
29 1 14 31 2 43 30 38 27 9 16 33 49 34 29 37 41 29 10
20 4
36 0 28 27 21 47 28 15 7 24 14 18 17 12 11 49 46 8 8 40
18 2
26 24 7 5 2 45 35 39 5 14 41 5 48 13 11 20 29 18
18 15
17 29 27 24 43 45 10 46 6 11 46 42 39 45 25 17 27 3
17 12
37 19 11 34 33 18 38 35 30 20 36 30 5 14 30 36 9
