14
6
0.0000 0.0000
-0.5000 -0.5000
-1.0000 0.0000
-0.7000 -7.0000
-1.0000 -1.0000
0.0000 -1.0000
5
2.0000 2.0000
0.0000 0.0000
0.5000 2.0000
1.0000 1.0000
1.5000 0.0000
5
1.0000 1.0000
2.0000 4.0000
3.0000 5.0000
4.0000 4.0000
4.0000 1.0000
4
0.0000 0.0000
0.0000 1.0000
1.0000 0.0000
1.0000 1.0000
6
0.0000 0.0000
0.5000 -0.5000
0.0000 1.0000
1.0000 0.0000
0.5000 1.5000
1.0000 1.0000
4
0.0000 0.0000
0.0000 1.0000
1.0000 1.0000
1.0000 2.0000
4
0.0000 0.0000
0.0000 1.0000
1.0000 0.5000
1.0000 2.0000
20
100.0000 0.0000
95.1057 30.9017
80.9017 58.7785
58.7785 80.9017
30.9017 95.1057
0.0000 100.0000
-30.9017 95.1057
-58.7785 80.9017
-80.9017 58.7785
-95.1057 30.9017
-100.0000 0.0000
-95.1057 -30.9017
-80.9017 -58.7785
-58.7785 -80.9017
-30.9017 -95.1057
0.0000 -100.0000
30.9017 -95.1057
58.7785 -80.9017
80.9017 -58.7785
95.1057 -30.9017
24
100.0000 0.0000
95.1057 30.9017
80.9017 58.7785
58.7785 80.9017
30.9017 95.1057
0.0000 100.0000
-30.9017 95.1057
-58.7785 80.9017
-80.9017 58.7785
-95.1057 30.9017
-100.0000 0.0000
-95.1057 -30.9017
-80.9017 -58.7785
-58.7785 -80.9017
-30.9017 -95.1057
0.0000 -100.0000
30.9017 -95.1057
58.7785 -80.9017
80.9017 -58.7785
95.1057 -30.9017
-101.0000 -101.0000
-101.0000 101.0000
101.0000 101.0000
101.0000 -101.0000
20
200.0000 0.0000
190.2113 30.9017
161.8034 58.7785
117.5571 80.9017
61.8034 95.1057
0.0000 100.0000
-61.8034 95.1057
-117.5571 80.9017
-161.8034 58.7785
-190.2113 30.9017
-200.0000 0.0000
-190.2113 -30.9017
-161.8034 -58.7785
-117.5571 -80.9017
-61.8034 -95.1057
0.0000 -100.0000
61.8034 -95.1057
117.5571 -80.9017
161.8034 -58.7785
190.2113 -30.9017
119
-198.0000 90.0000
-194.0000 -53.0000
-194.0000 -27.0000
-189.0000 -177.0000
-188.0000 125.0000
-186.0000 102.0000
-185.0000 181.0000
-161.0000 -95.0000
-160.0000 -101.0000
-160.0000 195.0000
-159.0000 -76.0000
-143.0000 -120.0000
-130.0000 -63.0000
-129.0000 -177.0000
-126.0000 194.0000
-125.0000 -139.0000
-121.0000 145.0000
-120.0000 -142.0000
-117.0000 -18.0000
-113.0000 13.0000
-113.0000 60.0000
-112.0000 -1.0000
-112.0000 167.0000
-107.0000 -192.0000
-107.0000 -110.0000
-106.0000 198.0000
-104.0000 -152.0000
-104.0000 -78.0000
-101.0000 -156.0000
-98.0000 -149.0000
-97.0000 93.0000
-97.0000 136.0000
-91.0000 180.0000
-87.0000 -99.0000
-86.0000 -95.0000
-82.0000 -82.0000
-76.0000 -39.0000
-75.0000 -53.0000
-69.0000 -68.0000
-68.0000 -189.0000
-68.0000 -176.0000
-64.0000 -50.0000
-57.0000 -138.0000
-57.0000 -88.0000
-49.0000 62.0000
-41.0000 -43.0000
-41.0000 156.0000
-36.0000 43.0000
-34.0000 -32.0000
-33.0000 -177.0000
-22.0000 74.0000
-21.0000 168.0000
-18.0000 -81.0000
-17.0000 -48.0000
-7.0000 -189.0000
-3.0000 -175.0000
14.0000 -43.0000
14.0000 27.0000
16.0000 -37.0000
17.0000 171.0000
20.0000 -76.0000
22.0000 112.0000
24.0000 -6.0000
25.0000 -40.0000
30.0000 181.0000
31.0000 -27.0000
54.0000 57.0000
77.0000 -189.0000
79.0000 100.0000
80.0000 -139.0000
84.0000 -2.0000
85.0000 -134.0000
89.0000 -108.0000
89.0000 123.0000
95.0000 81.0000
97.0000 124.0000
99.0000 -98.0000
99.0000 7.0000
119.0000 166.0000
123.0000 169.0000
123.0000 185.0000
126.0000 -100.0000
130.0000 -154.0000
134.0000 170.0000
154.0000 108.0000
158.0000 -163.0000
158.0000 -87.0000
158.0000 48.0000
160.0000 28.0000
161.0000 151.0000
169.0000 81.0000
172.0000 116.0000
174.0000 -135.0000
181.0000 -31.0000
182.0000 91.0000
188.0000 -182.0000
191.0000 -75.0000
193.0000 -76.0000
197.0000 29.0000
300.0000 0.0000
285.3170 92.7051
242.7051 176.3356
176.3356 242.7051
92.7051 285.3170
0.0000 300.0000
-92.7051 285.3170
-176.3356 242.7051
-242.7051 176.3356
-285.3170 92.7051
-300.0000 0.0000
-285.3170 -92.7051
-242.7051 -176.3356
-176.3356 -242.7051
-92.7051 -285.3170
0.0000 -300.0000
92.7051 -285.3170
176.3356 -242.7051
242.7051 -176.3356
285.3170 -92.7051
964
336.7612 61.2849
512.8140 193.0402
458.7441 275.0096
231.7454 203.2782
-25.7240 -32.4208
-176.4945 -330.3228
-170.6407 -531.4199
-67.6307 -514.5391
13.4409 -272.2869
-18.7673 80.3935
-161.1048 371.3307
-314.2721 470.0218
-348.0790 359.4155
-191.5055 137.1247
111.4730 -52.6692
418.1955 -111.8674
567.8145 -46.3037
476.7510 47.1827
189.6083 54.2476
-146.4889 -72.3357
-368.3198 -273.4786
-390.0862 -416.9718
-246.4937 -382.8060
-60.3179 -145.8795
42.6419 198.0633
15.4486 481.9366
-83.9291 563.0618
-138.2366 406.2531
-57.2375 102.8101
152.8841 -185.9918
383.8788 -325.1615
489.1750 -281.8792
377.3906 -134.6649
75.8462 -12.4529
-277.6150 -4.7973
-511.2230 -102.1896
-517.7310 -205.1724
-314.1449 -195.7815
-26.3903 -23.9679
190.3370 248.5905
244.7748 477.7971
158.0073 522.9496
38.2139 335.5036
0.3827 -5.7368
84.6805 -336.3818
227.3990 -500.2768
303.7674 -437.7484
214.8132 -214.2740
-38.7786 26.7655
-345.2749 155.8976
-542.7480 135.1814
-515.4800 33.0816
-265.7569 -30.9466
84.4041 25.7341
363.3718 187.3093
448.6774 345.3286
333.5786 369.1529
121.3101 195.7447
-47.1865 -119.9495
-84.5088 -428.3702
-8.4169 -569.9962
78.2885 -469.4442
64.9167 -180.4909
-84.6830 146.1093
-299.5890 351.8915
-441.9638 361.4341
-395.3060 218.7791
-144.3274 48.7062
205.7707 -30.1434
484.9495 16.7653
555.7642 121.1152
392.6309 163.5008
94.0452 60.8918
-179.1939 -168.4863
-300.4931 -406.8351
-248.3070 -506.0526
-108.1276 -381.5557
-6.8303 -70.8320
-23.6824 281.6726
-136.5910 505.5272
-238.6164 501.7563
-213.6860 296.8504
-21.5377 20.7537
264.6973 -176.0243
494.8019 -213.1978
530.6490 -122.4710
332.6545 -15.5829
-11.3967 -1.5271
-334.3284 -108.2816
-485.3846 -260.9158
-414.9242 -330.9215
-196.2899 -224.9162
27.0580 45.3937
134.0717 358.8966
98.9597 551.6518
-1.2920 514.0621
-47.6403 258.0999
33.3073 -87.8113
213.1392 -353.5202
374.8974 -425.2376
388.3008 -306.5075
198.7274 -105.5407
-128.1550 40.7960
-436.6975 56.2831
-569.5934 -29.5521
-460.0778 -108.6221
-170.7989 -74.6131
144.7005 97.2787
333.5758 324.6830
331.1518 464.9440
190.4818 405.7866
37.5724 141.8849
-16.8030 -212.6481
49.3063 -485.7492
157.6866 -545.9602
187.5521 -377.4242
63.6401 -85.2616
-183.8274 171.1102
-428.1573 274.1762
-520.5813 213.7183
-383.8402 81.6298
-65.4237 1.9326
284.3970 43.1227
497.4591 170.6676
483.5818 270.8188
278.5530 230.1444
15.5733 18.4795
-160.3840 -279.9556
-180.4211 -509.6629
-86.6033 -535.8901
6.4979 -328.2677
-3.4230 16.9032
-131.9655 330.5728
-293.4257 468.1962
-356.3540 390.3943
-233.5701 177.9070
52.1932 -26.5731
371.0892 -111.1062
558.0795 -62.1450
510.3136 35.3266
249.3956 63.4496
-90.5526 -41.4353
-341.7922 -238.4553
-399.8088 -402.8347
-278.3462 -405.4509
-89.9138 -200.4788
33.5117 136.0048
27.3189 443.1066
-67.4232 566.6054
-138.0454 448.7235
-83.3082 160.6218
110.0380 -142.2288
348.6220 -313.4382
485.8043 -299.3833
414.2254 -161.7497
138.6096 -26.9832
-218.6170 2.6787
-484.3057 -82.0185
-533.7009 -193.4710
-360.7356 -210.2904
-76.5411 -65.4972
161.7474 198.8032
246.3224 447.7255
178.2802 532.6997
55.3054 384.2682
-2.2140 59.6962
63.0210 -285.7324
204.2520 -487.0381
301.6324 -463.3039
245.1023 -259.3697
14.8448 -10.9070
-294.2581 143.4684
-522.2946 146.5940
-538.6628 50.5772
-322.4044 -27.9233
22.1813 6.0531
325.0962 155.6065
448.7819 324.7684
364.2889 379.9566
159.2393 240.7670
-25.2894 -59.1013
-87.0982 -381.7601
-24.9105 -561.9915
68.8618 -504.2741
78.3091 -239.7287
-50.0606 92.5697
-263.1189 328.2147
-429.0040 372.5071
-420.5420 249.2431
-201.0319 74.5236
143.4153 -25.3551
447.5356 2.2496
561.0443 105.0169
435.4622 166.4262
150.0505 90.9812
-138.6676 -122.8727
-291.5541 -371.2720
-266.2800 -504.4472
-132.7311 -420.6110
-16.9994 -134.5640
-12.1647 223.6030
-114.7435 480.6006
-228.3006 519.0491
-231.6241 342.6739
-66.4849 67.9632
213.3089 -151.1206
465.4278 -217.0523
542.3586 -142.1637
382.8735 -29.2858
53.7262 5.5900
-285.6304 -83.2753
-474.2957 -237.1784
-441.0293 -330.9176
-239.4203 -258.5142
-6.8076 -10.6898
125.3385 307.5008
111.8722 532.6221
14.5653 538.9697
-48.5938 315.1334
9.3935 -27.1574
179.0773 -317.8889
354.7885 -427.2234
401.6306 -336.7454
246.5076 -140.4003
-66.0406 23.1918
-390.8234 62.1521
-563.3605 -12.5680
-495.9946 -101.7409
-229.1878 -92.1608
93.8091 59.1205
312.8250 286.9930
343.4584 453.2777
219.3499 433.5243
59.4604 200.4267
-16.3548 -150.3042
32.2831 -449.9325
142.1547 -552.9349
193.6394 -420.3837
97.6188 -139.1762
-135.6919 133.9974
-392.5040 268.0092
-520.7861 231.9996
-424.9426 103.5741
-129.8148 7.6760
227.5367 27.6559
474.6268 147.3211
502.0796 262.0124
323.3534 251.4701
59.6048 66.6316
-139.2531 -227.2405
-186.4946 -481.1605
-105.5426 -549.5210
-3.6980 -379.6992
8.1828 -47.5914
-103.7790 284.0502
-269.2829 459.2753
-358.5428 416.8739
-270.3446 218.8270
-6.0754 3.3226
319.5839 -106.0637
540.5815 -76.4164
536.8254 21.2608
306.5298 68.4164
-31.7605 -13.4136
-308.9509 -202.2488
-403.6136 -383.3365
-307.9074 -421.2881
-121.5016 -250.8016
20.2724 72.9320
36.3793 398.2009
-50.1132 562.1717
-133.8120 485.5366
-104.9543 217.8648
68.5474 -94.2228
309.9425 -295.6705
475.5370 -312.7973
444.3588 -188.8205
198.7100 -44.8104
-156.5913 6.5467
-450.2553 -62.6383
-542.3145 -178.6606
-403.5861 -219.5674
-128.0902 -103.2156
128.2062 148.4026
242.8984 412.1951
196.7058 534.7458
74.4254 427.2305
-0.9382 124.4330
43.7174 -230.3539
179.5904 -466.3887
294.4493 -482.8780
269.7547 -302.8938
65.9722 -51.5394
-240.4951 126.1771
-494.8294 154.7857
-554.1624 68.5925
-374.7972 -21.3350
-41.3699 -9.9870
280.9589 124.4217
442.0321 300.4047
390.9624 384.3855
197.7129 280.5670
0.4940 1.0663
-85.7212 -330.4123
-40.3921 -546.1206
56.7315 -532.2566
87.3050 -296.6753
-18.0765 35.9224
-224.9914 298.2920
-410.2695 378.0559
-438.8515 277.9238
-253.6669 102.6529
79.6957 -16.5303
403.8221 -9.8974
558.4230 87.5466
472.9724 164.9286
205.8546 116.6473
-93.7684 -78.2692
-276.8089 -331.8357
-280.6668 -495.6731
-157.8108 -453.0182
-30.6546 -195.9348
-4.0264 162.1989
-93.1680 448.4722
-214.3613 529.2328
-244.1003 385.1753
-107.7735 116.8831
160.9101 -121.2897
430.2289 -216.3261
546.2630 -160.5668
427.4953 -45.4295
118.4925 8.8014
-231.9963 -60.2662
-455.9023 -211.3907
-461.5413 -325.4610
-281.4187 -286.4137
-43.8368 -64.5475
111.9327 252.9718
122.0687 506.3499
31.4900 556.2709
-45.6956 368.2282
-11.0041 35.1399
145.0900 -276.3322
330.3869 -422.6326
408.3324 -363.4276
289.1646 -176.2022
-4.2694 1.6425
-339.8962 64.3961
-549.1989 3.9684
-525.3021 -91.6799
-285.6569 -105.1805
39.5783 23.3394
285.9317 247.1757
350.6636 435.4524
246.9481 454.2545
83.9614 255.1298
-11.9715 -86.2519
17.1701 -407.6251
124.6900 -552.1248
194.9503 -458.3841
127.2052 -193.2542
-88.2100 92.4098
-352.5444 256.3078
-513.5873 247.2170
-459.4865 126.4774
-192.1601 17.0687
167.0526 15.3147
444.5622 123.7226
513.7517 249.0878
365.2641 267.1372
105.6442 111.3024
-113.2513 -173.1189
-188.4054 -446.4962
-123.7550 -555.2865
-16.7285 -425.7681
15.8781 -112.0699
-77.2140 232.4118
-242.5620 443.1954
-354.9043 438.1764
-301.3923 259.0553
-62.4042 36.5626
264.5720 -96.5684
515.6473 -88.4932
555.8470 5.5882
360.0607 69.2716
28.9788 11.2425
-270.1543 -165.6676
-401.1549 -359.0773
-334.4097 -430.2804
-154.4184 -296.1301
3.0572 9.8605
42.1808 347.9519
-32.6827 549.7879
-125.9429 516.0123
-121.9714 273.5666
29.1536 -42.6671
268.6728 -271.8996
458.7578 -321.5599
467.4423 -215.1378
255.2244 -65.5305
-92.5208 6.6093
-409.5569 -44.6946
-543.3004 -161.3662
-441.8633 -223.7435
-180.1620 -136.6018
90.1169 98.2902
234.2443 371.9449
212.6051 529.1920
94.9768 463.7590
4.1229 187.4501
27.2620 -171.0820
154.1503 -438.5151
282.6755 -495.9449
288.5857 -343.9719
113.8189 -94.4607
-184.9330 104.1023
-460.8958 159.2572
-561.7773 86.4457
-422.0899 -11.5394
-105.2444 -22.1401
231.5553 94.4677
428.3072 272.9459
412.9001 382.6443
235.9338 314.6459
29.7775 59.5941
-80.1407 -275.2006
-54.2143 -522.6580
42.4660 -552.9039
91.9574 -350.3711
10.7174 -22.9626
-186.0365 262.4184
-386.3290 377.6878
-450.1367 304.0556
-301.4656 132.4848
15.6335 -3.7273
354.5022 -19.1743
547.8714 69.3871
504.4488 159.3619
260.5010 137.6140
-45.1324 -35.4647
-256.2346 -289.3559
-290.8767 -480.0675
-182.6531 -478.3713
-47.4600 -253.9927
0.4638 98.4240
-72.5433 409.5737
-197.3998 531.9855
-251.1823 423.5105
-144.8189 166.6773
108.4276 -86.8669
389.9187 -210.7052
542.4107 -176.9938
465.8424 -63.4646
181.8740 8.1189
-174.2207 -39.8059
-430.3318 -184.2982
-475.8976 -314.9659
-321.4235 -308.3633
-83.4177 -115.3472
93.8621 196.2568
129.0105 473.3351
48.8167 565.7091
-39.2399 416.5115
-27.5662 98.0962
111.9299 -229.3887
302.3869 -411.2887
408.5549 -385.8383
326.1395 -212.1862
56.1740 -23.5373
-284.7661 62.7141
-527.3292 19.3916
-547.4672 -78.9693
-339.2427 -113.6539
-17.1656 -9.4509
253.1267 206.0775
352.3307 412.0018
272.5180 467.8195
110.5226 305.1822
-3.6363 -21.5130
4.5176 -359.4771
105.9699 -543.4457
191.7835 -490.6842
152.0528 -246.5601
-42.2138 46.9227
-309.1001 238.9859
-499.2727 258.7542
-487.0101 149.6564
-251.4837 29.8452
103.8843 6.4376
407.6415 100.5791
518.2281 232.6183
403.4346 277.1486
152.8996 151.8464
-82.6436 -118.5373
-185.7859 -406.3536
-140.5512 -553.1788
-32.0950 -465.7544
19.5993 -175.5055
-52.8778 176.4073
-214.0131 420.0243
-345.8066 453.7060
-326.3968 297.7488
-115.9181 72.5969
206.9959 -82.5579
483.7306 -97.8008
567.0683 -11.0467
409.0928 66.2439
90.7069 32.1424
-225.8816 -129.4998
-392.2016 -330.7327
-357.1252 -432.5195
-187.9457 -335.8486
-17.8921 -52.2050
44.3605 293.1816
-15.8113 529.6195
-114.9264 539.5747
-134.2694 326.7651
-7.4716 11.6597
225.6709 -242.2905
435.9622 -325.1930
483.2581 -239.9545
307.3004 -88.6512
-27.4223 2.7748
-362.8142 -28.7835
-536.5195 -142.2556
-474.8016 -223.0604
-231.8472 -165.2407
47.9914 49.3368
220.2117 327.7837
225.3403 516.2746
116.3112 493.3385
12.7761 247.7533
14.0608 -108.8269
128.6624 -403.7363
266.8528 -502.0885
301.5330 -381.7522
157.6824 -138.9278
-128.5329 77.4381
-421.1436 159.5907
-561.4435 103.4494
-463.5237 1.0193
-168.4217 -30.2674
177.5859 66.4037
407.6158 243.1421
429.4768 375.0527
273.0820 342.6232
62.0766 115.5688
-70.2247 -217.0572
-65.7703 -492.0086
26.6850 -565.8540
92.4278 -399.9030
35.8617 -83.1582
-147.0732 221.0112
-357.8353 371.1193
-454.4312 326.9029
-343.7584 163.3462
-47.7524 12.8864
300.3653 -25.1590
529.4993 51.2275
529.2762 150.1692
313.0340 153.7198
6.5137 4.8142
-229.9305 -244.6970
-296.3937 -458.0848
-206.5271 -496.3937
-66.9869 -307.8492
1.1402 33.2843
-53.5067 364.4592
-178.0697 527.1141
-253.0521 456.8941
-177.1389 216.4677
56.7658 -48.2978
345.2891 -199.9800
530.9851 -190.7896
497.3487 -82.7815
242.8638 3.6626
-113.1798 -22.3650
-397.8443 -156.6509
-483.6388 -299.9389
-358.5868 -324.2355
-124.8598 -162.3329
71.2490 138.3265
132.2317 434.1904
65.8639 567.1646
-29.6140 459.1899
-40.0797 160.7033
80.3047 -177.7062
271.5338 -393.1406
402.5670 -403.3265
356.9898 -247.5604
114.3430 -51.9309
-226.3500 56.9056
-498.1053 33.0667
-562.0779 -64.1997
-389.0193 -117.6742
-75.5315 -38.7246
214.7632 164.5436
348.1254 383.5519
295.3204 474.1938
138.5211 349.8643
8.5583 42.8845
-5.1958 -306.2410
86.6882 -526.9509
184.5340 -516.6331
171.9291 -298.1504
1.5196 -1.7929
-263.0372 216.0766
-478.2523 266.0606
-507.1789 172.4010
-306.8660 45.6424
39.0215 1.2631
364.3663 78.5658
515.2628 213.2392
437.0644 281.6256
200.5291 187.7175
-47.8074 -64.4290
-178.3676 -361.5028
-155.2631 -543.3272
-49.2307 -499.0442
19.3921 -236.8832
-31.3032 116.8740
-184.4008 389.9620
-331.7178 462.9628
-345.1654 334.0682
-165.8116 110.7918
147.8300 -64.0821
445.4032 -103.8289
570.3142 -27.9728
452.8026 59.6608
152.4332 48.9997
-176.7244 -94.4969
-376.6444 -299.0387
-375.3813 -428.2213
-221.3241 -369.4544
-42.2294 -112.2899
42.6510 234.7866
-0.1577 501.9675
-101.3202 555.7643
-141.8723 376.5269
-40.7384 67.9075
181.8028 -207.1312
407.7455 -323.3141
491.7221 -262.5331
354.1716 -113.6030
37.6728 -4.9397
-310.7388 -15.4369
-521.9686 -122.0230
-501.7183 -217.8619
-282.2196 -188.8297
2.4411 2.3656
200.7679 280.5745
234.3302 496.3570
137.7439 515.5786
24.7265 304.3966
4.4238 -44.5569
103.8353 -362.4987
247.5937 -501.0118
308.6559 -415.4237
196.9548 -184.1395
-72.2516 46.4916
-376.3168 155.4601
-553.2354 118.9266
-498.4405 15.8209
-229.8851 -34.3402
119.8447 40.8218
380.0969 211.7678
440.1552 362.0367
308.3318 364.2421
96.8175 168.1399
-55.9509 -156.9551
-74.5089 -454.7000
10.0444 -570.8772
88.9817 -444.4217
56.9980 -143.6966
-108.8924 174.6032
-325.5106 358.1833
-451.8964 345.7759
-379.9851 194.5152
-109.4641 33.0367
242.2826 -27.5190
503.5530 33.7461
546.9501 137.8716
362.5183 164.9188
60.3654 41.9176
-198.1177 -198.7411
-296.7897 -430.2855
-228.7014 -506.9421
-88.7225 -356.6952
-2.0557 -32.1909
-36.6404 313.7954
-157.0612 514.5590
-250.0002 484.6156
-204.3625 265.3510
6.7898 -6.1316
297.1941 -184.0528
512.3005 -201.3462
521.5697 -102.7250
300.4943 -4.3428
-49.8150 -8.3237
-358.8288 -129.1863
-484.4190 -280.9660
-392.0918 -334.0268
-167.4075 -204.8382
44.3287 80.1558
131.3518 389.6289
81.9508 560.6559
-17.2882 495.5644
-48.4411 221.9477
50.8617 -122.0312
238.6072 -368.2666
390.7500 -415.3214
381.3953 -281.5178
169.3464 -83.0279
-165.6140 46.8765
-462.0076 44.4049
-568.8512 -48.0077
-434.1166 -117.4426
-134.5799 -64.0530
171.3123 123.3999
337.8247 350.8066
314.6530 473.4832
167.2764 388.5609
24.4119 105.9252
-11.5745 -248.7578
67.5386 -502.8308
173.6824 -535.6844
186.7182 -347.0926
42.2832 -52.9824
-215.2487 187.7337
-451.0489 268.6657
-519.7916 193.9906
-357.4597 64.0080
-26.5144 -0.0750
315.3549 58.3110
504.7408 191.6323
465.4191 280.8030
247.6571 218.4774
-9.2263 -11.6959
-165.9884 -312.7844
-167.2597 -525.9950
-67.5144 -525.1414
15.4098 -295.2197
-12.9376 54.7214
-154.4873 353.3385
-313.1934 465.5542
-357.6314 367.1958
-211.3634 150.4415
88.0621 -41.3038
401.3436 -106.1445
565.5474 -44.5095
490.4539 49.9396
213.1533 61.6364
-123.3778 -61.3581
-354.4999 -264.7755
-388.5771 -417.7199
-253.7702 -396.5654
-69.5104 -169.4669
36.8874 173.7206
13.6558 467.2626
-85.7373 564.2467
-144.9156 421.9658
-70.1505 125.1704
137.9246 -166.8289
374.7888 -315.6462
492.8830 -282.1625
395.1712 -139.7512
101.7372 -16.4086
-254.1369 -5.1104
-499.7813 -101.3728
-522.0282 -208.5851
-330.3551 -207.1832
-45.8331 -41.8631
175.9988 231.2156
239.0647 469.9206
158.5695 530.2204
39.5846 356.4989
-1.4409 20.7198
80.3397 -315.3691
225.5671 -492.5451
310.1316 -444.2327
231.1333 -229.2530
-17.0229 11.6785
-327.2376 146.6410
-537.3634 132.2278
-526.2948 32.2818
-288.6404 -34.4387
59.2045 18.2340
346.0197 179.6048
444.4987 344.1181
340.8698 379.3724
133.3485 216.5347
-37.4088 -95.8892
-79.9478 -411.3724
-6.7797 -567.8808
81.9803 -483.1582
73.8748 -203.5882
-72.2412 123.8342
-290.1304 338.8359
-442.8168 360.0472
-409.7036 225.2365
-168.5438 56.3482
181.1904 -26.0196
470.4112 17.5945
557.0867 123.0544
408.0564 171.2798
115.5553 75.2836
-161.1376 -152.3696
-291.7356 -397.3243
-248.4612 -510.0081
-112.0821 -399.8159
-9.0740 -96.9680
-22.4573 258.3496
-135.0847 494.3968
-242.4172 506.0543
-226.2348 312.4164
-40.6915 38.9891
246.5329 -162.9415
486.7944 -208.1176
538.1905 -122.6098
353.8556 -15.5734
14.8842 2.0373
-313.7977 -102.6134
-478.0148 -258.6989
-421.1700 -337.8555
-210.2556 -242.2981
13.4471 22.7053
126.0850 340.4502
96.4131 546.3397
-2.8041 525.0434
-52.6574 280.8301
24.1748 -63.1951
204.4040 -336.8739
373.5882 -421.3451
399.1629 -313.2538
220.3646 -116.2342
-103.5550 32.6428
-419.6346 52.8783
-567.6395 -31.0602
-473.7369 -113.2621
-193.3412 -85.1124
123.3557 83.4365
321.3245 314.5324
329.8658 465.9206
196.0662 420.7720
43.6202 166.6256
-14.3161 -187.9415
49.1979 -471.4102
159.7827 -547.4069
196.4211 -392.4835
79.4530 -105.8215
-166.6360 154.2310
-418.2864 266.1905
-524.7821 213.7110
-402.5056 84.4105
-91.6887 2.4490
261.3316 40.3815
486.6810 168.5094
487.8465 275.0220
293.3917 243.8035
32.5180 38.8085
-148.5989 -261.0931
-175.9629 -501.5730
-86.2850 -543.6763
7.9087 -349.5810
1.8665 -9.0849
-125.0152 310.6090
-290.8636 461.2049
-363.8529 396.3530
-251.9492 190.7828
28.6743 -14.4970
352.3239 -104.4032
552.8696 -59.9828
521.4123 37.5765
271.8681 69.9860
-66.6276 -30.7158
-325.9130 -228.7497
-396.1964 -401.4589
-284.4932 -416.9263
-99.2019 -222.8739
27.0123 110.9771
25.0588 426.0580
-68.8309 564.8200
-143.6417 462.2600
-95.3134 182.5038
94.8653 -121.9038
337.8450 -302.0259
486.9207 -298.1750
429.7439 -166.4106
163.7670 -31.4002
-193.8951 1.8275
-470.2269 -81.0026
-535.2555 -195.7486
-375.3496 -220.2339
-96.0547 -82.6668
146.1096 180.6236
239.1179 437.5552
178.0791 537.1404
56.8756 403.2609
-3.4320 85.9733
58.7930 -263.0247
201.4821 -476.6499
306.2494 -467.4994
259.8284 -273.4003
36.2598 -26.4838
-274.7911 133.0168
-514.1695 142.7465
-546.6644 49.7696
-343.7347 -30.7501
-3.3984 -0.9377
305.7802 147.4251
442.1821 321.9013
369.9116 388.0113
170.9528 260.0727
-14.7992 -34.8579
-81.6864 -362.7662
-23.1078 -556.9109
71.8715 -515.4386
86.3518 -261.8394
-37.8066 69.4402
-252.5069 313.1589
-427.5925 369.1661
-432.5972 254.7379
-224.0909 82.3517
118.0731 -20.5306
430.5789 3.3818
559.4311 106.3529
448.8069 172.9822
171.1691 104.4493
-119.4465 -106.4454
-281.0103 -359.9357
-265.1246 -505.7169
-136.4217 -436.6035
-19.7567 -160.0278
-11.3893 198.9760
-112.8541 466.8395
-230.7827 520.6926
-242.6205 356.7641
-84.9401 86.3391
194.2316 -136.7819
455.0184 -210.6336
547.0305 -141.7366
402.1123 -29.6140
79.8983 8.5415
-263.3778 -77.5962
-464.3311 -233.8389
-445.1180 -335.9567
-252.5648 -274.2584
-20.9455 -33.0967
116.2492 287.5246
108.6201 524.5068
13.2384 547.1541
-52.8447 336.3837
0.7330 -2.0999
169.7207 -299.2974
351.6568 -421.0246
410.2282 -341.9833
266.6643 -150.8837
-41.1820 14.3314
-371.6907 58.0324
-558.4332 -14.0379
-507.1706 -105.5286
-250.8329 -101.6895
71.5754 45.3916
298.6436 275.5417
1000
-821.8486 569.7060
-999.7580 21.9979
834.5790 -550.8882
-956.2298 292.6168
-858.1694 -513.3666
434.3408 900.7486
933.4379 -358.7390
-819.5623 572.9901
271.4957 -962.4397
918.6528 395.0658
-476.4390 879.2075
452.1114 891.9615
644.4749 764.6255
721.5064 692.4078
273.7754 -961.7937
-169.6144 -985.5105
574.9241 818.2068
865.5871 -500.7584
424.1121 -905.6097
945.0109 -327.0388
96.5929 995.3240
-998.7924 -49.1296
-710.2702 -703.9292
-19.6127 -999.8077
20.2552 -999.7948
-855.9408 -517.0739
892.7181 -450.6156
-458.2374 -888.8299
-473.5341 -880.7755
997.3626 72.5799
656.8401 -754.0299
-352.3963 -935.8509
-894.9492 446.1681
845.7135 533.6373
955.3295 -295.5428
-79.9362 996.8000
-984.4167 -175.8515
-505.7541 -862.6777
-588.5032 -808.4949
-229.9639 973.1992
-790.0032 613.1027
-339.8425 -940.4824
-290.5887 -956.8481
-997.6848 68.0073
461.6560 887.0591
232.4111 -972.6177
-819.2879 -573.3824
934.2558 356.6035
45.7801 -998.9515
-544.5495 838.7287
-51.5741 998.6692
-962.3037 271.9772
664.3988 -747.3782
668.8925 -743.3592
239.8440 970.8115
-603.0523 -797.7017
-979.8460 -199.7542
-103.9560 -994.5819
996.2063 87.0231
-394.6799 -918.8187
-273.8218 -961.7804
-436.8855 -899.5171
-986.2214 165.4306
845.7102 533.6424
544.7615 838.5910
-828.8914 559.4096
-952.1119 -305.7499
350.4435 936.5839
-726.2390 -687.4423
-685.1698 -728.3834
-199.6771 979.8618
474.3899 880.3148
872.0873 -489.3503
951.3298 308.1747
-875.8198 -482.6383
-601.9797 -798.5114
980.9583 194.2182
-481.7601 876.3032
-879.3421 476.1905
899.7673 436.3701
868.5465 -495.6078
878.0625 478.5459
-229.2234 973.3738
917.9727 -396.6435
975.5368 -219.8360
-974.9260 -222.5292
-941.2281 -337.7716
-803.1259 -595.8093
997.4767 70.9948
520.0893 -854.1119
-352.0413 -935.9845
543.0883 839.6756
-962.6071 -270.9014
932.0452 362.3420
-886.5674 462.5994
-754.5668 656.2232
-925.5100 378.7231
999.0340 -43.9444
-991.4909 130.1758
42.5283 999.0953
926.0616 377.3723
446.9388 -894.5646
913.6704 -406.4559
-715.4858 698.6273
561.2820 -827.6246
-977.8633 -209.2446
-331.7364 -943.3721
987.4431 -157.9752
123.0845 992.3962
757.4174 652.9310
311.8791 950.1218
933.8402 357.6904
952.0403 -305.9727
-428.5614 903.5127
97.6600 995.2198
-731.6588 681.6711
-626.6476 -779.3028
775.7290 631.0661
310.2473 -950.6559
-431.7656 -901.9859
172.7695 984.9623
-999.8356 18.1317
-435.6067 -900.1371
930.9661 -365.1055
950.0858 311.9887
812.4312 583.0570
-936.1099 -351.7077
116.4111 -993.2011
-495.5795 -868.5626
981.2230 192.8767
-26.2146 999.6563
588.3187 808.6291
-165.6210 -986.1895
50.9347 998.7020
958.3159 285.7107
835.9172 548.8555
487.9859 872.8515
-865.5496 500.8232
980.2158 197.9319
-978.3243 207.0788
689.2613 -724.5129
-985.0734 172.1349
187.1829 -982.3251
908.4966 417.8922
-245.2189 -969.4677
995.4839 94.9302
-407.9040 913.0248
-599.9430 -800.0427
993.5321 -113.5514
825.4715 564.4439
-845.5725 -533.8606
-999.8671 -16.3053
-573.9701 818.8763
-446.0303 -895.0178
-345.1148 938.5605
881.8874 -471.4602
556.3771 -830.9299
-13.5701 -999.9079
589.0063 808.1285
-318.1572 948.0380
723.2763 -690.5587
426.3890 904.5399
-967.3400 -253.4826
-683.4543 729.9933
963.0095 269.4674
288.7647 -957.4001
672.3228 -740.2581
-808.9503 -587.8771
756.0643 -654.4974
-636.6347 -771.1655
-993.6807 -112.2439
19.8691 999.8026
647.7014 -761.8943
465.9435 -884.8145
-972.1191 234.4875
-984.9128 173.0513
861.5625 507.6516
-577.7856 816.1886
982.9886 -183.6664
598.1063 -801.4168
-293.5360 -955.9480
-370.6619 -928.7679
-987.0064 -160.6811
749.6753 661.8058
424.6635 -905.3513
-917.0163 -398.8497
519.5183 -854.4593
607.4573 -794.3523
-993.2112 116.3253
-804.2580 -594.2803
635.2295 772.3234
921.0409 389.4659
976.9835 213.3148
-939.8537 -341.5774
189.6380 -981.8541
175.1569 -984.5405
487.0269 -873.3870
947.0416 321.1110
-275.2485 961.3731
-577.3093 -816.5255
861.4198 507.8936
-743.0047 -669.2862
-406.4484 913.6737
-747.1896 -664.6110
-938.9640 344.0155
-148.3747 -988.9312
-311.6140 950.2088
-962.5733 -271.0214
-981.9156 189.3193
863.0763 505.0736
657.3228 753.6091
66.7065 997.7726
-997.1038 76.0528
-557.5376 830.1517
140.1313 -990.1329
-36.6672 -999.3275
195.2994 -980.7437
355.4299 934.7029
856.0055 516.9667
-999.5887 -28.6791
-357.8670 -933.7726
146.3220 989.2370
717.6678 -696.3856
926.3226 376.7314
939.1438 343.5242
-436.2271 899.8366
-998.3392 -57.6092
-872.1376 -489.2607
-999.4271 33.8439
-994.5254 -104.4950
-784.7465 -619.8169
-999.9635 -8.5453
642.4211 766.3518
-987.4478 -157.9460
455.3210 890.3274
366.8062 930.2974
-999.7080 -24.1628
-469.5879 882.8857
-510.1289 -860.0980
-885.6215 -464.4077
-133.1286 -991.0988
-225.5887 974.2226
997.5356 -70.1622
994.0585 108.8473
-994.8083 101.7668
-555.4261 -831.5659
-265.5667 964.0925
983.4475 -181.1930
-780.3184 625.3825
-188.6744 982.0397
724.9237 -688.8292
-564.5903 -825.3713
595.1151 803.6405
-476.8203 -879.0008
701.3128 -712.8536
-876.6528 481.1235
862.6711 505.7653
-833.8789 551.9475
719.5707 -694.4192
942.7523 -333.4939
392.3250 919.8267
999.4722 -32.4858
-867.0502 -498.2207
866.6874 498.8517
-996.2900 -86.0596
-793.8869 -608.0654
-602.1800 798.3603
-676.6496 -736.3052
410.2857 911.9570
374.8180 -927.0984
-912.2385 -409.6594
984.6618 174.4736
686.5309 727.1006
815.4504 -578.8270
-714.7805 -699.3489
-567.7438 -823.2053
-974.8967 222.6577
929.1370 369.7356
166.3711 986.0632
315.9949 -948.7609
-999.9949 -3.2073
588.3000 -808.6428
460.1137 -887.8600
-912.9294 408.1175
-234.3571 972.1506
-572.5091 -819.8983
889.8722 456.2099
-596.1646 802.8623
-982.7467 184.9563
528.7437 -848.7815
684.0977 -729.3904
534.8217 -844.9650
-642.9637 765.8966
-999.7544 22.1623
-998.2405 -59.2957
584.4501 -811.4297
-477.4501 -878.6589
926.7374 -375.7097
-694.6776 -719.3213
-974.9185 222.5624
-171.9608 985.1038
163.3308 986.5714
19.8868 999.8022
402.1908 915.5559
76.0632 -997.1030
-166.2388 -986.0855
419.5871 907.7151
638.5098 769.6137
509.2444 860.6219
477.2235 -878.7820
751.1053 -660.1824
648.7826 760.9738
527.7979 849.3700
907.8216 419.3567
900.2078 -435.4606
-999.2969 37.4934
-498.8795 -866.6713
928.3722 -371.6519
632.3181 774.7089
-811.3938 584.4999
999.4096 -34.3570
296.5616 955.0137
-189.1285 -981.9524
-840.6110 -541.6392
-76.6356 997.0592
275.1014 961.4152
-908.7928 -417.2476
35.4812 -999.3703
-871.1018 -491.1025
20.6151 999.7875
683.6324 -729.8265
-994.2995 106.6228
916.2078 -400.7035
-72.8553 997.3425
-993.2175 -116.2710
641.4624 -767.1545
923.2897 -384.1044
195.4566 980.7124
911.0175 -412.3678
-211.7190 -977.3306
-215.9987 976.3936
750.5774 -660.7826
909.1074 -416.5617
555.4470 831.5520
-993.2078 -116.3538
561.2657 -827.6356
-999.8924 -14.6669
-980.9991 -194.0124
-679.9994 733.2126
-821.7842 569.7988
105.7857 994.3889
-978.6234 205.6605
420.6533 -907.2215
-201.2733 -979.5351
982.9826 183.6986
-536.5448 -843.8718
390.5590 -920.5779
998.8674 47.5805
732.3823 680.8937
810.4804 -585.7658
-567.6068 823.2998
547.2414 836.9748
-345.8707 -938.2822
-12.2322 999.9252
657.5694 753.3940
-993.2647 115.8677
-738.7922 673.9333
-704.9400 -709.2670
915.9910 401.1989
-116.6404 -993.1742
335.0772 -942.1907
-913.9743 -405.7720
-563.1523 -826.3532
870.6204 -491.9555
672.2602 740.3149
865.1205 501.5640
-975.5957 -219.5746
-489.1243 -872.2141
909.2762 -416.1932
-668.7872 -743.4539
946.4827 -322.7545
-115.9168 993.2589
431.8463 -901.9472
784.6395 619.9523
-483.4834 -875.3535
-932.4730 361.2397
860.2875 509.8092
704.1745 710.0270
-930.0735 367.3734
892.8827 450.2893
-647.8272 761.7873
-403.8998 914.8033
-861.4543 507.8351
-998.2900 58.4565
-399.2625 -916.8366
356.1173 934.4413
-992.3758 123.2485
-950.3967 311.0405
-789.1236 614.2344
952.8574 303.4185
-993.9446 -109.8827
-942.6350 -333.8251
638.1100 -769.9452
987.4840 -157.7191
885.1016 465.3978
-389.7817 920.9073
-288.3601 957.5220
716.2117 -697.8831
862.2378 506.5038
306.5278 951.8617
-52.6253 -998.6143
992.8319 -119.5194
-864.7802 502.1506
977.5921 210.5082
999.6917 -24.8307
-779.6744 -626.1852
-16.5060 -999.8638
865.9718 500.0927
696.5313 -717.5264
-768.8227 639.4620
-298.3357 954.4610
998.3628 57.1991
777.1810 -629.2771
-856.2046 516.6369
880.7952 -473.4975
987.2348 159.2718
-327.5607 -944.8301
55.1907 -998.4758
35.2528 -999.3784
-435.2677 900.3011
-322.5270 946.5603
-995.4891 94.8756
971.7091 -236.1809
-693.8835 720.0873
151.3812 988.4755
-944.0678 329.7513
-474.5625 880.2218
-765.5747 643.3470
467.8460 -883.8100
-352.3135 935.8820
783.6333 -621.2237
798.2157 602.3717
-999.9568 9.2989
-726.4071 687.2646
185.0128 -982.7361
-860.5327 -509.3952
294.1370 -955.7633
-577.2015 816.6017
690.9853 -722.8688
955.4830 -295.0463
-259.6858 965.6932
-840.1458 -542.3606
-905.9865 423.3067
952.9728 303.0557
-663.4244 -748.2433
-883.8670 -467.7383
-759.0613 -651.0191
-141.7712 989.8995
-133.6648 -991.0266
250.2453 968.1825
333.0763 -942.8999
-623.5881 781.7531
-920.2075 391.4308
705.6952 -708.5155
-378.0300 -925.7933
-884.8595 -465.8579
979.3470 -202.1866
-285.4353 958.3980
515.1124 -857.1226
-920.9460 389.6903
-877.2618 480.0122
936.9853 -349.3687
547.5301 -836.7860
-725.3631 -688.3664
978.1708 207.8027
659.4289 751.7670
-774.7129 -632.3131
997.2455 -74.1709
948.2814 317.4309
890.2359 -455.4998
-599.7024 800.2231
-994.9573 -100.2992
902.9310 429.7856
59.3135 998.2394
-504.3305 863.5107
462.5827 -886.5761
-450.4944 -892.7793
-861.7158 507.3913
782.1005 -623.1523
-75.8119 -997.1221
683.2117 -730.2203
-971.6251 236.5264
416.3952 909.1837
673.8521 -738.8663
-676.4331 736.5040
869.7300 493.5279
-830.0096 557.7491
959.0692 -283.1717
-869.3474 494.2015
318.6777 947.8631
-994.8374 -101.4816
880.4387 474.1600
-778.3852 627.7870
-970.2202 -242.2245
724.7820 688.9783
-832.0506 554.6997
-997.7014 67.7643
132.2876 -991.2114
538.0346 842.9227
-977.4687 211.0804
186.7712 982.4034
-915.6252 -402.0330
824.6802 565.5994
858.1772 513.3536
723.0301 -690.8165
-919.1669 -393.8682
-950.2056 311.6236
370.1145 928.9861
-982.3004 187.3122
545.5012 838.1100
-978.3791 206.8195
407.9210 913.0172
446.7978 -894.6350
-969.5935 -244.7213
771.3532 636.4073
815.3252 579.0034
-486.6593 873.5918
-22.9685 999.7362
986.5818 163.2679
74.2600 997.2389
-950.5213 310.6593
276.0177 961.1526
-221.5533 975.1483
-902.9147 429.8197
589.8871 807.4857
-445.9350 895.0653
-67.2895 -997.7335
841.9973 539.4817
-347.1504 -937.8095
879.1713 476.5058
-980.2486 -197.7691
929.4691 368.8999
88.1569 -996.1066
-403.8150 914.8407
-919.8101 392.3639
721.4266 692.4909
644.7893 764.3603
909.5333 415.6312
915.8372 401.5497
-875.1748 -483.8069
934.5109 -355.9344
-225.1307 -974.3286
837.2965 546.7490
-742.8432 669.4654
-999.5345 -30.5076
772.8425 634.5979
187.9165 982.1850
-964.2797 -264.8861
791.7375 -610.8614
-270.1023 -962.8316
888.8994 -458.1024
967.1310 254.2786
292.0705 956.3968
-137.9921 -990.4333
-74.4675 -997.2234
-921.6956 -387.9139
-280.4721 959.8622
-351.5261 -936.1781
782.8334 -622.2313
804.5163 593.9306
-608.5249 793.5347
994.6459 103.3415
-702.4507 711.7324
-986.5632 163.3799
-995.4392 -95.3984
-999.9218 -12.5069
304.2357 952.5968
-544.7388 -838.6058
971.1593 238.4318
380.1712 -924.9162
616.1156 787.6557
-984.5380 175.1714
983.6043 -180.3401
695.6908 -718.3413
917.8515 -396.9240
727.5294 -686.0765
257.7558 966.2101
-768.3156 -640.0712
-840.2095 -542.2620
356.6463 934.2395
-859.3582 511.3740
558.0398 -829.8142
417.4689 908.6912
-580.5631 -814.2153
35.7595 -999.3604
992.9936 -118.1680
-998.1404 60.9562
289.2668 -957.2485
673.5787 -739.1155
329.3728 -944.2000
-388.7512 -921.3428
151.9182 988.3931
-878.6759 -477.4187
929.3481 -369.2046
-683.0902 -730.3340
-802.4255 -596.7524
-924.8424 -380.3505
985.4306 -170.0778
-998.9981 -44.7535
-595.8624 803.0865
49.1068 998.7935
816.7045 -577.0561
-926.6638 -375.8912
-660.7017 750.6486
86.8310 -996.2231
513.4932 858.0937
978.3617 206.9019
130.0318 991.5098
619.0582 -785.3451
-980.5788 196.1257
-872.2921 -488.9852
205.7330 978.6082
-150.7745 -988.5682
-809.9279 -586.5294
-353.7677 935.3333
277.0415 960.8579
4.5545 999.9896
-794.9938 606.6176
-343.7067 -939.0771
-145.1272 989.4130
186.1793 982.5158
-906.2143 -422.8187
-257.4192 -966.2998
-882.1442 470.9793
172.0580 985.0868
-432.5935 -901.5891
479.3011 -877.6505
59.9608 998.2007
604.6653 796.4796
-728.2301 -685.3327
220.4075 -975.4079
-600.7048 -799.4709
309.2928 -950.9669
-330.1787 -943.9184
-105.6413 994.4043
541.0122 -841.0148
-757.1726 -653.2149
682.9208 -730.4925
-648.5379 761.1824
1.2096 999.9993
397.1109 -917.7707
821.6388 -570.0085
950.8187 -309.7480
-862.6609 -505.7828
-741.9679 -670.4354
828.1299 -560.5363
939.4890 -342.5790
-148.1919 -988.9586
966.9171 -255.0909
-999.7392 22.8367
194.2804 980.9460
-643.4689 765.4723
974.1820 225.7640
-926.1757 -377.0922
978.1719 -207.7971
-700.1627 713.9833
-947.9483 -318.4243
952.0587 -305.9155
-869.9406 493.1566
-994.9923 99.9513
897.3633 441.2926
-458.5322 -888.6778
-974.4206 -224.7321
-902.7551 -430.1548
44.4083 -999.0135
149.6263 988.7426
651.3820 -758.7499
444.1587 895.9481
-960.4176 -278.5643
-411.9846 -911.1908
998.1448 60.8850
72.0563 -997.4006
251.5145 -967.8535
458.0290 -888.9372
157.6969 -987.4876
786.8558 617.1369
-947.0354 -321.1292
-368.0296 -929.8141
952.4051 304.8351
-970.9333 -239.3500
401.9159 -915.6766
-80.7789 -996.7320
999.9994 -1.0793
-630.6538 776.0643
992.5439 -121.8880
-354.8041 934.9407
-458.3852 -888.7536
-258.3811 966.0431
-55.1397 -998.4786
-757.1632 -653.2257
-662.6133 -748.9617
-327.4072 944.8833
700.7531 713.4039
-169.5631 985.5193
-403.9720 914.7713
-657.0198 -753.8733
971.6793 -236.3034
-485.2098 874.3978
812.3541 583.1645
995.7014 92.6209
-582.9903 812.4791
-988.7378 -149.6578
955.5347 -294.8787
-449.6573 893.2012
-277.4693 960.7345
-441.1130 897.4516
-515.5057 -856.8862
-880.7750 473.5349
530.5337 847.6638
826.6002 -562.7896
930.6310 365.9589
-951.9319 -306.3096
717.3959 -696.6657
382.5855 -923.9201
939.2308 343.2864
999.3871 35.0048
-997.0772 76.4004
-999.8633 16.5336
-787.6431 616.1317
-974.0594 226.2924
-365.7680 -930.7061
-65.2221 997.8708
-907.1348 420.8401
348.9886 -937.1270
998.7544 49.8959
506.1585 -862.4404
-961.9061 273.3802
-720.6328 693.3170
-891.0329 -453.9387
998.4885 54.9604
225.6160 -974.2163
-830.9151 -556.3992
-999.9996 -0.8663
997.7642 66.8329
932.0952 -362.2133
-983.9834 178.2602
378.8125 925.4734
95.3781 995.4411
18.3424 -999.8318
-865.3764 501.1224
997.8147 -66.0749
891.5582 452.9061
-973.1411 -230.2094
829.3662 -558.7054
19.1844 999.8160
891.2404 -453.5312
-459.4047 -888.2271
-351.2492 936.2820
380.6774 924.7079
-854.5804 -519.3192
969.8077 243.8711
956.7405 290.9428
-515.2306 -857.0516
-569.4150 -822.0502
905.8334 -423.6341
-373.9667 -927.4421
-158.9834 987.2812
-620.9951 -783.8144
999.2459 38.8282
999.3064 37.2393
151.2432 -988.4966
-994.7673 102.1663
-693.8123 -720.1559
971.3396 237.6961
-972.7807 231.7276
894.2246 447.6185
997.7750 -66.6708
929.3328 -369.2432
280.9766 -959.7146
-433.4014 901.2010
999.2797 37.9473
-901.3407 -433.1108
997.6257 68.8690
721.9565 -691.9384
263.6157 -964.6278
-994.4760 -104.9641
937.0044 -349.3175
-990.7762 -135.5084
-85.4036 996.3464
517.3941 855.7473
-978.9679 204.0145
-357.4289 933.9403
160.0928 987.1020
-773.9066 -633.2998
-48.3272 998.8316
-999.7695 21.4711
917.4528 -397.8447
-628.7912 777.5742
310.2961 -950.6399
-298.7787 954.3224
-864.8296 502.0655
-452.7376 -891.6438
525.0414 851.0767
-994.6504 103.2982
-982.8448 184.4344
284.2963 958.7365
747.9307 -663.7768
116.2507 993.2199
981.1518 -193.2387
-789.2410 614.0836
825.6271 564.2162
-994.6206 -103.5855
-317.1423 948.3779
-26.5096 -999.6486
-811.2530 584.6953
-28.8281 999.5844
998.8248 -48.4664
957.3528 -288.9214
200.2395 979.7470
999.0494 -43.5924
-712.6815 701.4877
-363.2222 931.7025
-490.5723 -871.4005
-879.3160 -476.2388
-991.4122 130.7742
858.8852 -512.1682
371.9927 928.2357
954.3979 298.5375
983.5125 -180.8404
-2.1505 999.9977
99.3554 995.0520
-703.3339 710.8596
-935.1245 354.3194
744.0681 -668.1038
-687.3811 726.2969
87.2539 996.1861
-982.2264 187.6999
-855.4453 -517.8931
453.8677 891.0691
997.0392 76.8948
366.5341 -930.4046
573.8122 818.9869
-996.4819 83.8085
156.2434 -987.7186
386.8920 -922.1250
795.8678 -605.4705
903.0911 429.4490
-972.8585 -231.4008
39.3902 999.2239
221.7661 975.0999
445.8877 -895.0889
533.2149 -845.9798
-792.2951 610.1381
927.3745 374.1343
-888.4950 458.8862
-403.9489 914.7816
377.4878 -926.0145
-962.2620 272.1246
-849.6125 527.4075
888.9477 458.0088
-733.6159 679.5644
457.5956 -889.1604
997.3105 -73.2925
757.1789 -653.2075
224.4477 -974.4861
-996.2355 86.6878
-666.4888 745.5151
-430.9522 -902.3747
-436.2557 -899.8227
210.5166 -977.5903
985.3070 -170.7929
979.0406 203.6652
338.7937 -940.8607
-805.1100 593.1255
-706.9115 -707.3020
998.9304 46.2387
388.2830 921.5402
138.6666 990.3391
-979.4526 201.6744
745.3253 666.7010
526.9758 849.8803
666.3809 -745.6115
-125.6324 -992.0769
310.2200 -950.6648
-785.9604 618.2768
-704.3231 709.8795
-683.1496 -730.2785
-583.8525 -811.8598
683.8110 729.6592
92.5238 995.7105
949.2077 314.6503
-601.2960 -799.0264
962.0218 -272.9727
-5.1295 -999.9868
165.0226 986.2898
981.8951 189.4256
974.1092 -226.0781
498.1909 -867.0674
955.7643 -294.1335
-749.1186 662.4359
-958.6019 -284.7497
992.3800 123.2151
999.8303 -18.4217
152.8867 988.2437
-989.0242 -147.7537
-814.7346 579.8340
521.5523 -853.2193
-787.3956 -616.4480
999.6647 25.8955
-167.9728 985.7916
677.3149 735.6932
698.9879 715.1335
-862.3521 506.3090
947.5658 319.5609
249.3963 -968.4015
-947.3702 320.1402
-548.5722 -836.1032
-260.7454 -965.4076
-942.3677 -334.5791
958.9940 283.4264
992.4053 123.0114
-217.9736 975.9547
-480.6854 -876.8931
-96.5514 995.3280
-762.1479 -647.4029
29.8492 -999.5544
-603.2696 797.5373
-349.9764 -936.7585
831.4553 -555.5917
-986.1561 -165.8195
987.3071 -158.8227
-311.7018 -950.1800
561.0172 -827.8041
147.1291 989.1173
240.8737 -970.5565
-176.0540 -984.3805
459.6748 -888.0873
176.1809 984.3578
-778.2141 -627.9990
932.9439 360.0218
956.5240 291.6535
-908.2969 418.3261
-994.8918 -100.9468
-503.7234 -863.8650
41.8543 -999.1237
699.0252 -715.0970
614.5874 -788.8487
-2.4080 -999.9971
-727.3159 686.3029
321.9616 946.7527
-874.8991 -484.3052
402.5014 -915.4194
-699.4917 714.6408
-933.1202 359.5647
-613.5209 789.6784
529.6792 -848.1980
-769.8957 -638.1697
-353.7246 -935.3496
-939.0555 -343.7656
4.7122 999.9889
243.4878 -969.9040
-314.9475 949.1091
-185.1275 -982.7145
-814.3657 -580.3521
-999.2593 -38.4828
398.7395 917.0642
511.3101 -859.3963
744.8697 -667.2099
-996.5266 83.2748
-877.2656 480.0052
-632.2175 -774.7909
555.4814 831.5290
578.5160 -815.6710
-736.3049 676.6499
-901.3117 -433.1710
975.0996 221.7676
986.2335 165.3585
-625.0436 -780.5898
533.1048 -846.0492
848.8419 528.6467
991.4846 130.2242
-642.7749 -766.0551
836.3565 548.1860
-950.1954 -311.6547
-730.2535 683.1763
640.6848 -767.8040
704.7828 709.4232
999.6343 -27.0433
414.0741 -910.2432
-62.1626 998.0660
326.8486 -945.0767
689.0935 724.6725
-833.4959 -552.5256
-989.8631 -142.0248
990.4265 138.0412
30.0137 -999.5495
723.9500 -689.8524
174.7899 984.6058
-859.9610 -510.3597
998.4524 -55.6133
1000
-909.5485 415.5978
-561.5471 -827.4448
-844.9334 -534.8716
-749.1119 -662.4435
784.3442 -620.3259
-317.8347 948.1462
802.8593 596.1685
815.4009 578.8966
-304.6559 -952.4625
569.7312 -821.8311
-925.8655 -377.8531
-841.8068 539.7789
759.2123 650.8431
984.9935 -172.5915
-792.3062 -610.1236
-555.7740 831.3334
-997.2720 -73.8144
359.5226 933.1364
635.8238 771.8343
-972.6733 232.1782
-88.3436 -996.0901
308.4678 -951.2348
-548.3994 836.2165
-818.0637 575.1276
833.7322 -552.1690
325.8618 945.4174
353.5529 935.4145
824.4380 565.9523
997.9753 -63.6025
-832.5833 -553.8998
-514.5781 857.4435
-165.7785 986.1630
346.0518 938.2154
-467.8457 883.8101
-996.1289 87.9043
-662.8352 748.7653
946.0863 323.9148
-72.1033 -997.3972
-592.1884 805.7995
615.8266 787.8817
883.0500 469.2789
658.0840 752.9445
-806.9415 -590.6314
-472.5432 -881.3075
777.9489 628.3275
106.2457 994.3399
-831.0591 -556.1841
645.3924 763.8512
934.1617 -356.8500
-968.0126 -250.9015
-722.3125 691.5668
-946.0172 324.1164
-998.9947 44.8294
400.1188 916.4633
-958.1647 -286.2175
-640.9287 -767.6004
375.2898 926.9075
-176.0264 984.3855
657.8082 753.1855
995.8022 -91.5315
-328.0282 -944.6679
980.7287 195.3747
-983.0524 183.3246
962.7031 270.5600
-972.6528 -232.2639
489.1083 -872.2231
301.5242 953.4585
-13.6600 -999.9067
777.5881 -628.7740
-999.9591 -9.0392
-160.7331 986.9979
800.2145 599.7138
-46.1515 -998.9345
763.7857 645.4699
966.8683 255.2757
-55.9875 998.4315
-597.3461 -801.9836
-234.3692 972.1477
-828.3611 560.1945
950.8398 309.6832
-692.7522 721.1757
747.0639 -664.7522
-64.6381 997.9088
829.9055 -557.9040
-833.5699 -552.4141
-784.2164 -620.4875
-34.7162 999.3972
459.0324 -888.4195
981.9870 188.9486
-513.6509 857.9993
579.1808 815.1991
-488.2979 -872.6770
944.0830 -329.7077
228.5009 973.5437
-257.3694 966.3131
-49.7644 -998.7610
240.3615 -970.6834
-490.5510 871.4125
408.2967 912.8493
975.2952 -220.9055
618.8278 785.5267
909.2759 416.1939
-928.9215 -370.2768
991.6519 -128.9439
-999.1328 -41.6376
82.6391 -996.5795
728.3921 -685.1605
-867.8402 496.8434
684.3420 729.1612
-344.6357 -938.7365
-559.7086 -828.6895
-176.2218 984.3505
-270.7246 962.6568
979.2908 -202.4588
981.4033 -191.9574
-986.9284 161.1596
-679.3076 733.8537
-441.1098 897.4531
-780.4148 625.2621
564.0466 825.7430
-992.9853 118.2375
-998.8767 47.3846
-825.6595 564.1688
-592.9188 805.2622
481.5051 876.4433
212.6048 977.1383
-997.2183 -74.5361
813.1288 -582.0838
239.4659 970.9048
-999.9443 10.5575
996.1480 -87.6883
477.1211 -878.8376
-843.3789 -537.3192
976.7526 214.3698
-767.0758 -641.5565
-986.7197 -162.4324
902.2795 431.1515
430.1398 -902.7623
-105.2229 -994.4487
923.8946 -382.6470
832.3740 -554.2144
622.2598 -782.8108
6.2106 999.9807
-565.1929 -824.9588
764.9014 644.1474
486.1774 873.8601
952.2783 -305.2311
-990.2551 -139.2656
-999.9961 -2.8059
-733.2874 679.9188
3.4237 -999.9941
12.6000 999.9206
741.3089 671.1640
777.5441 628.8284
944.3143 329.0449
555.8891 831.2564
891.9651 -452.1042
999.6059 -28.0709
-577.0633 -816.6995
326.7046 -945.1265
888.8934 458.1142
-629.7420 776.8043
-346.8629 -937.9158
3.4865 -999.9939
955.5787 -294.7361
233.7015 -972.3084
996.5730 82.7184
-969.3489 245.6882
-996.9554 -77.9735
-927.8204 -373.0272
-963.6405 -267.2020
-753.8767 -657.0159
-995.8837 -90.6400
636.9699 770.8886
872.1120 -489.3062
289.4507 957.1929
-651.9289 -758.2801
990.1157 -140.2531
28.9615 999.5805
-939.8214 -341.6661
-434.7390 -900.5565
-762.7587 646.6832
-966.3855 257.0973
989.9220 141.6135
635.5102 772.0925
-608.0488 -793.8997
-936.5836 -350.4443
938.6774 -344.7965
859.4857 511.1598
982.2906 187.3636
-134.8975 990.8596
-732.7974 -680.4469
962.0730 -272.7921
-116.5038 993.1902
-969.9088 -243.4685
-907.6837 419.6549
-315.2906 -948.9952
47.3352 998.8791
-722.4712 691.4010
572.5690 -819.8565
-704.1293 710.0718
-788.0249 -615.6434
622.5520 -782.5785
-271.3906 962.4693
325.5710 945.5176
850.9312 -525.2772
-986.9468 -161.0469
-129.0158 -991.6425
-913.0699 -407.8031
-517.3341 855.7835
145.4932 -989.3592
863.6831 504.0351
912.8089 -408.3869
860.3972 509.6240
-869.9203 -493.1923
-960.6325 277.8222
514.2976 -857.6118
-197.0678 980.3899
-334.6804 942.3317
-976.8524 213.9143
906.7552 421.6574
-620.9817 -783.8251
-227.8493 -973.6964
-447.2497 894.4091
71.7301 -997.4241
-998.3250 -57.8550
151.1956 988.5039
184.6757 -982.7995
-141.7924 989.8964
669.3356 742.9602
891.3782 453.2604
707.6261 706.5871
650.8003 -759.2489
193.6641 981.0679
411.0610 911.6078
996.0283 89.0376
189.4411 981.8921
987.9276 154.9166
-713.7439 -700.4068
910.8214 -412.8007
-927.8354 372.9899
-647.6001 761.9804
918.0124 396.5518
-960.9624 276.6791
675.3859 737.4645
110.8470 993.8375
-639.3158 768.9443
6.2090 -999.9807
742.2724 -670.0983
66.8822 -997.7609
910.1032 414.3817
-639.3950 768.8785
-745.3421 -666.6822
-995.8574 -90.9291
642.1126 -766.6103
750.0313 -661.4023
999.5379 -30.3976
999.9947 -3.2688
-943.6942 330.8189
-969.7422 -244.1313
99.7457 995.0130
-660.8995 750.4745
-566.0822 824.3488
-253.3376 967.3779
-595.0034 -803.7232
-811.5104 -584.3379
864.5061 -502.6223
-108.8727 -994.0557
-988.7173 149.7935
142.4188 989.8065
195.1730 -980.7688
-954.5444 -298.0688
-901.1540 -433.4991
907.2536 -420.5840
937.8192 -347.1242
577.6441 816.2888
608.2562 793.7407
-321.3266 946.9684
-872.0180 -489.4737
-859.3582 511.3741
989.9789 141.2156
999.9634 8.5523
203.7702 -979.0188
-998.3509 57.4068
-800.7206 -599.0380
680.4678 -732.7780
-828.2976 560.2884
109.7496 993.9593
-31.6413 -999.4993
-668.4258 -743.7789
804.6310 593.7752
682.1460 731.2160
448.4631 -893.8014
884.8235 -465.9264
-398.8792 917.0035
-105.3624 -994.4339
153.3847 -988.1666
-497.1703 -867.6530
-564.1707 825.6582
617.4000 786.6494
775.1177 -631.8168
997.4525 71.3332
476.6711 879.0817
992.3650 123.3359
-990.6503 136.4255
-641.3995 -767.2070
-558.4213 -829.5575
942.3974 334.4953
413.3601 910.5676
-992.4866 122.3536
-835.7912 -549.0474
-169.2506 -985.5731
-879.5851 -475.7416
936.9618 -349.4317
601.6444 798.7641
732.4867 680.7813
-811.9022 583.7935
615.6779 -787.9979
706.1050 708.1071
-999.7341 -23.0600
823.0450 -567.9761
-78.4788 -996.9158
-207.7219 -978.1879
257.9026 966.1709
-937.0545 349.1831
545.1915 -838.3115
-729.4974 683.9836
191.4885 981.4949
491.7676 870.7265
587.7363 -809.0525
148.7128 988.8804
845.8878 533.3609
754.1835 656.6637
-778.4469 627.7105
860.3056 -509.7786
354.0402 935.2302
-127.8238 991.7969
-670.2074 -742.1739
952.6299 -304.1321
492.6793 870.2110
225.3410 -974.2800
-990.2661 139.1870
-947.8375 318.7539
805.4353 592.6837
-529.7274 848.1680
628.1188 778.1175
-947.6750 -319.2369
-883.8017 467.8617
-218.3649 975.8672
-793.7875 -608.1952
-436.0180 -899.9379
914.6851 404.1674
722.6730 691.1901
596.4067 802.6824
-925.0640 -379.8112
-918.7465 394.8480
-949.5616 -313.5807
-109.9678 -993.9352
-997.2172 74.5504
-977.1943 -212.3470
-64.1371 997.9411
-649.2108 760.6085
-916.0284 401.1134
943.1203 332.4517
999.5008 31.5924
725.9077 687.7921
-334.6253 -942.3513
-970.0376 -242.9547
-978.0207 -208.5079
369.4296 -929.2587
-767.5487 -640.9907
-406.2885 913.7449
997.5806 69.5195
-602.3940 -798.1989
-335.8252 -941.9243
806.2006 -591.6423
-215.0901 976.5942
-767.9311 -640.5324
469.2317 -883.0751
579.8126 -814.7499
-702.8532 711.3349
-981.8027 189.9040
-822.8198 568.3023
417.3727 -908.7354
995.9293 -90.1374
-852.9905 521.9265
976.2962 -216.4389
979.8088 -199.9369
-991.9790 126.4030
-673.4452 739.2372
331.5383 -943.4418
-134.4806 990.9162
260.6194 965.4416
-994.4061 105.6241
366.7567 930.3169
-25.9053 999.6644
-863.0449 505.1272
497.5171 -867.4542
695.1594 718.8556
-847.3553 531.0264
384.5502 923.1041
778.0359 -628.2198
899.1948 -437.5485
-299.0385 954.2410
-32.6856 999.4657
851.0521 -525.0812
-269.4943 963.0020
893.3903 449.2815
-411.9965 -911.1854
-833.8622 551.9727
-447.5249 894.2715
369.6339 -929.1775
-722.1225 -691.7652
966.0827 -258.2327
-645.3961 -763.8480
-108.0659 994.1437
917.2194 -398.3824
-779.9811 -625.8031
-477.4070 878.6823
538.8750 842.3857
-471.8124 -881.6990
459.1394 -888.3642
-64.4979 997.9178
-179.4299 983.7708
156.3387 987.7035
-466.5775 884.4803
-634.1033 773.2484
405.6121 -914.0453
73.0113 -997.3311
-691.5194 -722.3579
-769.8044 638.2799
405.9075 -913.9142
458.3704 -888.7613
669.9920 -742.3683
-670.4704 -741.9362
998.5816 53.2434
-109.9821 993.9336
999.8763 15.7253
466.6504 884.4419
-128.1556 991.7541
984.5504 175.1012
-977.3061 211.8320
336.7471 -941.5951
174.2254 984.7058
-577.3630 816.4876
526.0477 -850.4550
966.3632 257.1810
738.3943 -674.3693
-810.7315 585.4182
-203.3815 979.0996
-565.8167 824.5310
989.1577 -146.8570
471.6614 -881.7797
-337.8301 -941.2071
-999.9402 10.9320
-13.3399 999.9110
-995.4718 -95.0568
-749.2416 -662.2968
-456.2713 889.8407
-961.2321 -275.7406
762.8504 -646.5750
-856.1147 -516.7858
-725.2231 -688.5139
138.1364 990.4132
971.5383 236.8824
-344.0670 938.9451
136.5353 -990.6352
986.6156 163.0634
432.2282 -901.7642
-999.9977 2.1660
903.8358 -427.8794
344.6422 -938.7341
-564.5219 825.4181
424.9979 905.1943
-457.5671 -889.1751
-702.7360 711.4507
396.1014 -918.2068
908.5191 -417.8434
-915.2546 402.8760
132.6669 991.1607
-422.7476 -906.2475
990.7779 135.4961
843.7891 -536.6750
-678.1489 -734.9245
-992.4817 122.3935
500.3120 -865.8452
-359.6375 -933.0921
995.9857 -89.5126
-386.7571 922.1816
924.2648 -381.7520
927.4472 -373.9541
163.0792 -986.6130
-131.0666 -991.3736
-232.4759 -972.6022
-888.8490 -458.2002
857.8813 -513.8480
258.5113 966.0082
955.4888 295.0275
981.2001 192.9930
505.3222 862.9307
-941.8918 -335.9165
374.5141 927.2212
549.4034 835.5573
932.0401 362.3550
-552.1003 833.7777
163.3574 986.5670
988.2902 152.5862
-605.2766 -796.0152
-551.1801 834.3863
834.1037 551.6077
-594.5859 -804.0321
-718.5622 695.4627
964.1228 265.4565
696.3398 717.7122
107.4473 994.2108
899.4446 -437.0348
-990.5794 136.9398
373.0051 927.8293
55.4360 -998.4622
138.5971 -990.3488
-981.9549 -189.1151
994.7002 102.8180
969.3128 245.8305
487.2775 -873.2472
-55.6850 998.4484
434.4441 -900.6988
962.0659 272.8172
-319.0316 947.7441
-297.0783 954.8531
34.1049 -999.4183
996.4653 84.0056
-999.2944 37.5581
-992.9397 118.6206
175.9262 984.4034
859.4505 -511.2189
47.4698 -998.8727
888.4827 -458.9102
703.5973 710.5989
999.4360 33.5819
-916.3638 -400.3466
-985.4595 169.9103
688.9608 -724.7986
774.2589 -632.8690
840.3037 542.1159
-932.2728 -361.7561
894.1639 -447.7397
-563.6805 -825.9929
447.8948 -894.0863
787.7523 -615.9922
425.4025 905.0043
-973.9988 226.5530
-961.3938 275.1764
-999.5213 -30.9382
-970.6975 240.3048
947.2912 320.3739
-955.2823 -295.6952
82.6474 996.5789
593.3009 -804.9808
-982.7349 -185.0190
652.7164 -757.6023
782.8209 622.2471
562.6458 -826.6981
973.0466 -230.6084
-375.6044 926.7801
-501.6853 -865.0502
-855.2342 -518.2417
479.6523 -877.4586
-473.9603 -880.5462
-944.8888 -327.3914
857.9558 513.7235
989.3950 145.2500
-328.2535 -944.5897
-488.9096 -872.3345
-592.3518 805.6794
758.7288 651.4067
-240.7265 970.5930
485.7327 874.1074
347.8263 937.5590
-560.0986 -828.4260
-270.6240 -962.6851
587.7590 -809.0361
684.6383 728.8830
805.3914 -592.7434
-647.8182 -761.7950
-635.6419 771.9840
-988.7360 -149.6699
550.3370 834.9426
-846.4325 532.4961
30.7716 999.5264
763.2945 646.0507
-350.1705 -936.6860
979.1802 202.9927
-994.9650 -100.2230
-213.7041 976.8984
-924.5783 380.9922
-818.2843 -574.8137
-895.4842 -445.0933
-759.5464 650.4531
-549.1415 835.7294
271.2688 962.5036
990.0473 -140.7353
-969.6277 -244.5857
-60.0088 998.1979
728.9184 -684.6005
918.0609 396.4395
-402.8597 -915.2617
802.3848 -596.8071
-232.4674 972.6042
-990.1969 139.6787
298.6275 954.3697
-915.3700 -402.6137
744.7019 -667.3972
32.4806 -999.4724
-93.4437 995.6246
639.9858 -768.3867
-975.2099 -221.2820
-972.9080 231.1926
-566.5614 824.0195
-971.8148 -235.7454
102.2375 -994.7600
-992.7120 -120.5107
980.8885 -194.5708
941.9878 335.6471
-598.7214 -800.9573
249.0532 968.4898
77.2405 -997.0125
-913.4992 406.8406
-886.5046 462.7199
-887.9448 -459.9500
-906.6083 421.9733
-866.5829 -499.0332
-810.2489 586.0859
340.2836 -940.3229
977.7192 -209.9170
994.7728 102.1132
-328.9324 944.3535
35.0413 -999.3859
301.6655 -953.4138
-632.1157 774.8740
-434.2387 900.7978
169.0814 -985.6021
762.4880 -647.0024
-990.7765 135.5065
255.6525 -966.7687
-981.3663 192.1463
108.5837 -994.0873
-789.6358 -613.5759
998.3227 -57.8955
-999.7637 21.7376
278.9879 960.2946
330.0813 943.9525
-681.5973 -731.7275
899.9578 435.9770
-965.5515 260.2121
-966.9796 254.8537
-881.1311 472.8720
-730.6597 682.7419
-115.3884 -993.3204
-959.2349 282.6098
464.6415 -885.4989
636.7611 771.0612
-714.3578 -699.7807
-754.9318 655.8034
443.4681 -896.2901
-922.8765 385.0960
-946.9669 321.3310
-747.0871 664.7261
868.0897 -496.4074
695.9820 718.0592
286.0506 -958.2145
-962.0926 -272.7231
530.5095 -847.6790
339.6529 -940.5508
-620.7793 -783.9854
611.8443 -790.9782
-850.5024 525.9712
721.8740 -692.0246
-767.6260 640.8981
-999.8379 18.0056
667.2882 744.7996
-689.4008 -724.3801
-40.2715 999.1888
584.9920 -811.0390
-860.5361 -509.3895
-774.3004 -632.8182
-512.8065 858.5042
330.2370 -943.8980
925.7416 -378.1567
842.9274 -538.0273
425.1651 -905.1158
973.5939 228.2870
-571.4000 -820.6717
466.9653 884.2757
-447.6590 -894.2044
935.8893 -352.2943
715.1036 -699.0184
612.6386 -790.3632
-979.7983 199.9882
-84.7623 -996.4012
-375.9939 -926.6221
-92.0277 -995.7565
-983.9907 -178.2197
635.3279 -772.2425
891.2655 453.4819
-117.3017 -993.0963
165.9249 986.1384
-514.3184 857.5993
-852.7874 522.2581
-775.7952 630.9848
711.7507 702.4322
967.4808 252.9444
325.1554 945.6606
-267.7837 963.4791
-125.4905 992.0948
-788.9191 614.4971
-80.5417 996.7512
-60.1448 -998.1897
927.3250 374.2572
-987.0329 -160.5181
-431.0184 -902.3431
-976.5358 -215.3553
755.4304 655.2289
205.9067 978.5716
641.7105 -766.9469
969.9323 243.3749
-740.0783 -672.5207
-848.2167 -529.6494
999.9986 -1.6691
97.8662 -995.1996
-970.3255 241.8025
-959.9854 -280.0501
344.7356 938.6998
184.5549 982.8222
646.4084 -762.9916
999.9770 6.7834
-818.1446 575.0125
698.0459 -716.0530
-185.0577 982.7277
6.3310 999.9800
-999.3096 37.1524
603.5181 -797.3493
-919.7616 392.4776
303.9770 -952.6794
995.2760 -97.0864
902.3261 431.0541
657.6570 -753.3175
-957.0971 289.7672
891.6192 -452.7860
992.9475 -118.5551
226.3603 974.0436
-605.5396 795.8152
-893.1585 -449.7420
-998.6453 52.0350
384.7314 -923.0286
-957.4139 288.7190
262.5081 -964.9298
-9.4131 -999.9557
-749.2260 -662.3144
120.8576 992.6699
-140.0564 990.1435
-810.0470 -586.3650
-781.4600 -623.9553
989.3133 145.8054
944.0208 329.8860
139.7422 -990.1879
720.1593 693.8088
796.7486 -604.3109
971.1379 -238.5187
-620.8640 -783.9183
997.2801 73.7053
-391.6073 920.1324
-963.5000 267.7082
-714.1531 699.9895
-952.1273 -305.7019
-303.1001 -952.9587
-997.2458 74.1675
413.9388 910.3047
-90.6268 -995.8849
-995.7940 91.6203
-696.0707 -717.9732
955.8650 293.8061
553.6338 -832.7602
415.9070 -909.4072
-868.3753 -495.9076
627.5417 778.5829
37.5856 -999.2934
-999.2570 38.5412
839.9840 -542.6111
347.4366 -937.7035
-778.9838 -627.0441
832.0076 -554.7642
892.5816 -450.8858
668.2535 -743.9337
-690.6963 723.1449
843.6544 536.8867
-283.1478 -959.0763
-670.8861 -741.5604
161.3048 986.9046
519.7638 854.3100
918.5628 395.2750
130.3795 991.4642
-933.8510 357.6622
949.9095 312.5251
-992.9272 118.7248
-837.2399 -546.8358
-290.6900 956.8173
109.4210 993.9955
521.4867 853.2594
878.6554 477.4565
-748.1018 663.5839
992.9987 -118.1250
-987.3411 158.6112
942.2964 -334.7798
-27.3047 999.6272
984.9508 172.8350
299.3189 -954.1531
886.7146 462.3172
-410.7052 911.7682
-340.3768 -940.2891
-998.3253 57.8504
84.8465 996.3940
43.6830 999.0454
995.2398 -97.4561
-7.2938 999.9734
-654.6998 755.8890
-249.7694 968.3054
527.5178 849.5440
996.3147 85.7725
615.3726 788.2364
996.2260 -86.7969
-899.7878 -436.3278
725.5206 -688.2004
-999.9709 7.6256
359.7209 -933.0599
-740.3557 672.2153
721.6165 692.2931
396.9063 -917.8592
988.7958 149.2742
993.9568 109.7723
-579.5570 814.9317
-597.2712 -802.0394
522.2932 -852.7660
159.7705 987.1542
-978.9943 203.8875
-602.8533 797.8520
-172.1668 -985.0678
299.8524 953.9856
-858.7010 -512.4770
295.9511 955.2031
456.2061 889.8741
-236.1321 971.7210
328.5465 -944.4878
-117.6817 993.0514
-704.3978 -709.8054
-999.9893 4.6167
-860.7471 509.0329
-44.6345 -999.0034
-999.5957 -28.4318
-84.1948 996.4493
112.1795 993.6880
533.4274 -845.8459
706.9956 707.2179
982.9098 184.0880
765.5834 -643.3367
-631.9704 -774.9926
-865.3348 -501.1942
937.5106 -347.9568
-993.1661 -116.7093
-679.1678 -733.9831
943.5313 331.2833
-205.7978 978.5945
-578.5992 815.6120
-996.4351 -84.3629
659.3385 -751.8462
675.0127 737.8061
-922.7633 385.3671
262.2914 -964.9887
-605.4706 -795.8677
-981.2532 192.7232
64.9025 997.8916
-360.9589 932.5817
-946.2901 323.3189
816.9644 576.6881
156.0341 987.7517
324.2275 945.9791
-702.4786 711.7049
715.9977 698.1026
-469.8437 -882.7496
908.0659 -418.8274
-971.9133 -235.3394
982.8948 -184.1681
226.5122 -974.0083
892.2462 451.5493
-924.2929 381.6840
-913.0634 -407.8175
-682.0785 -731.2790
976.0459 217.5649
-779.0793 -626.9254
-879.6379 -475.6440
-432.6552 901.5595
-811.8409 583.8787
240.1373 970.7389
-233.6019 -972.3323
-553.7961 -832.6523
950.9265 -309.4170
344.7043 938.7113
-501.2520 -865.3013
-900.1799 -435.5182
811.9747 583.6926
-671.8249 -740.7100
-899.2189 437.4990
-448.2820 -893.8922
-748.0439 -663.6493
-258.0122 -966.1417
267.5558 963.5424
555.7637 -831.3403
828.6109 -559.8250
-995.5684 94.0401
-152.4358 988.3134
-995.3268 96.5640
833.9893 -551.7806
429.7172 -902.9635
-487.8578 -872.9231
-851.5208 524.3208
-271.3938 -962.4684
-510.4587 -859.9023
547.3338 -836.9144
246.5823 969.1219
579.1126 -815.2476
588.6060 -808.4201
-949.3437 -314.2396
471.0854 -882.0876
429.3843 903.1219
825.5570 -564.3187
395.0140 918.6751
540.4589 -841.3704
805.9126 -592.0345
175.6946 984.4447
-442.1126 896.9596
981.2753 192.6104
-409.2212 -912.4352
996.4595 84.0742
974.9727 -222.3244
-604.0310 -796.9608
300.3934 -953.8154
-650.0556 759.8866
902.3622 430.9786
995.3204 96.6296
-935.5321 -353.2417
-998.8246 -48.4718
657.0818 -753.8193
966.6158 256.2302
-492.7153 870.1906
-971.3414 237.6887
-624.9729 -780.6464
698.9852 715.1361
-373.3779 927.6793
-971.3820 -237.5226
-563.5222 -826.1009
826.3010 563.2288
680.4398 -732.8040
-224.1995 974.5433
928.0276 -372.5114
543.3571 -839.5017
-935.2228 -354.0597
-89.5790 995.9797
821.1455 -570.7189
-891.3040 -453.4063
-838.6844 -544.6177
-194.4344 -980.9155
362.4619 931.9986
585.0924 810.9667
879.3532 476.1701
-298.6388 954.3662
514.2473 -857.6420
995.0600 -99.2752
999.9828 -5.8579
812.6415 -582.7640
-866.2601 -499.5933
-764.7334 644.3468
970.1022 -242.6969
-987.4461 -157.9562
441.9949 897.0175
-424.8439 -905.2666
-970.1545 -242.4876
91.3360 -995.8201
-995.2915 96.9266
-965.7923 -259.3168
-944.2950 329.1002
-996.9686 -77.8044
983.0250 -183.4715
-407.8347 -913.0558
916.7801 399.3923
-800.7191 599.0399
-42.0140 -999.1170
-84.9452 -996.3856
871.8445 -489.7827
555.8858 -831.2587
-821.0162 570.9049
-454.0797 890.9611
