100
20 50 2
10 2
80 1
23 20 4
194 15041
194 291645
191 698095
190 316749
21 21 4
190 421402
200 285954
191 89427
194 4301
23 22 4
190 89709
190 31937
190 545377
193 245013
25 22 4
196 10625
195 286947
193 93873
191 256954
31 52 4
20 1
62 1
21 1
81 1
51 86 1
53 1
42 31 3
21 328512
9 159168
35 347142
30 23 4
18 1
135 1
40 1
22 1
20 50 2
10 1
80 2
21 22 4
191 107389
191 274510
190 146809
197 244774
21 20 4
191 247909
191 22417
193 107167
192 162577
28 74 2
39 0
57 1
20 57 4
5 244948
123 115753
17 76153
118 420550
117 27 3
114 123063
15 273009
2 472130
24 21 2
19 0
7 0
44 78 3
13 1
27 1
94 1
63 136 2
96 1
129 1
23 21 4
190 153438
191 189851
193 189700
192 208510
65 71 1
67 0
132 142 1
135 196650
31 21 3
51 1
2 1
15 1
43 147 3
50 0
91 0
137 0
22 23 1
23 241580
27 28 4
58 1
9 1
28 1
155 1
30 77 1
32 0
31 109 4
124 23275
16 662470
115 565772
36 202559
20 95 3
8 0
101 0
97 1
20 20 4
190 454143
193 198381
195 359186
191 5390
66 144 2
103 23673
136 514409
39 50 1
42 0
22 22 4
193 6026
191 211032
190 9036
191 555980
149 99 3
116 0
8 0
110 0
88 45 4
89 1
56 0
3 0
50 0
24 121 1
34 1
20 22 4
198 611239
192 93492
196 226891
199 52266
75 107 4
26 2
116 0
149 1
136 0
65 47 4
6 0
170 2
12 0
119 2
22 21 4
198 410614
193 428994
190 656570
192 253653
24 20 4
190 151987
192 656378
190 105482
190 56613
20 50 1
200 269447
43 107 4
5 1
143 1
61 1
147 1
24 28 1
25 1
74 57 3
15 1
167 0
7 2
67 52 3
50 1
5 1
85 1
25 60 3
22 246194
75 450916
63 200224
88 43 4
68 0
60 0
105 0
6 0
65 30 4
2 95062
38 266725
56 180296
22 50710
27 132 3
20 0
134 2
142 1
36 32 3
24 0
52 1
37 1
27 58 2
35 0
56 0
22 21 4
35 938874
1 710849
168 434255
42 40742
43 66 4
152 19733
79 479989
1 111483
47 261334
65 29 4
11 1
33 1
4 1
48 1
69 78 3
1 1
135 1
36 1
35 23 1
27 0
25 20 4
193 489858
197 337950
196 67472
194 348454
33 70 2
55 471431
67 459615
71 80 1
73 215502
30 28 3
3 1
41 0
59 0
109 36 1
13 339458
26 20 4
190 136246
191 6417
193 823194
192 31880
73 186 2
109 26784
152 832468
20 50 2
100 1
50 1
42 46 3
5 1
52 1
43 1
20 20 4
200 1000000
200 1000000
200 1000000
200 1000000
32 46 4
4 1
1 1
20 1
3 1
32 51 4
53 1
16 1
13 1
122 1
34 39 4
37 695471
36 544496
36 59571
35 460399
26 21 4
190 562825
194 51648
191 66241
192 205842
24 22 4
190 522877
191 771494
190 55066
191 90737
26 114 4
21 725117
115 72461
126 347965
117 515467
61 39 4
8 0
14 1
4 0
55 0
29 70 4
118 0
136 1
2 0
6 1
146 23 3
8 1
14 1
28 1
30 60 4
106 1
70 1
76 1
78 1
26 59 2
30 0
53 0
22 39 3
10 1
58 1
152 1
35 45 4
143 1
21 1
31 1
109 1
20 21 4
194 67904
192 738997
194 64232
190 84934
22 20 4
196 319439
195 404278
193 228058
193 204858
24 21 4
190 385370
197 177180
191 410935
191 277260
60 78 4
61 1
67 1
62 1
68 1
30 59 4
13 296625
65 140892
131 23987
5 434554
57 26 4
17 208755
87 250772
41 676643
30 318807
43 76 1
54 51012
26 59 4
29 1
36 1
34 1
33 1
64 54 1
57 0
33 43 4
55 69919
125 551137
39 123051
58 10898
21 48 2
25 0
43 0
36 23 4
25 1
31 1
31 1
24 1
123 22 3
2 394607
15 157941
23 495787
112 113 4
41 1
136 1
157 1
29 1
79 45 4
60 1
7 1
26 1
59 1
21 28 1
22 1
40 81 4
13 1
106 1
10 1
106 1
25 21 4
191 246019
192 318230
193 221283
198 94240
35 58 4
25 836098
75 248099
34 130519
59 193203
106 124 1
107 131961
24 81 4
13 23388
100 117255
59 156184
91 12927
